233.924036480876 124.814144523992
184.55284022106 90.7776151655398
247.941448322594 137.23118468884 
214.133687117696 132.003744312893
185.453496183169 96.6961480707555
232.123271025811 149.427365819614
196.642493538992 88.9040796748951
206.444028547726 95.5844289488922
201.74837275869 129.962972606472 
219.393632052639 127.327061274585
213.485053394619 112.340627173896
210.472793521453 118.894572208061
220.11135228809 139.111333604961 
221.571401808993 137.603922236485
187.376900601084 91.5809206334276
217.876336862518 116.186207480531
245.201231706079 145.325166471183
238.458165205206 124.048158858529
236.546648739509 151.226359652982
241.709121579564 147.256787423479
198.867578459966 87.9373612659205
132.696197332541 101.460546334052
234.775752036642 119.007753582514
155.944343696609 111.677541908401
232.486511174865 144.590201493342
165.0685618166 106.822617575551  
213.504081249786 122.40989025772 
137.664381329342 98.8601578940597
248.478265828114 145.963324484197
132.940071857834 107.842455453312
161.875929294042 94.0205931962096
154.468368937906 109.225147383818
118.859931435108 111.463213306744
139.284203166234 128.325554869315
104.051007175427 152.134139143901
112.329702846972 142.493360376795
103.86274725723 148.468122905098 
125.047421377629 132.214348479034
155.863609807713 118.373731773952
106.830196254124 152.98749192694 
148.968349581426 96.3185018643318
158.835634589389 101.396580694899
139.974045648091 103.346505218966
145.928389577514 96.7090734489954
105.32530916608 146.083805091447 
125.497853570618 127.733652329665
134.46929745271 123.560939792864 
151.514072732696 105.704953211361
153.467895942553 94.4617579263058
140.986234856004 116.581330284752
211.174374078806 156.739416409528
208.656912275198 158.762208967778
212.367578519848 158.512525327428
212.264658229327 158.291047042241
211.591711971814 159.106222141173
151.024432499598 160.840281983288
208.338481813634 158.384542942244
142.53030558212 155.741898098075 
208.620915132002 158.208744558809
144.758883189845 155.916994460117
211.806932848681 161.586952046259
148.769962174655 158.91340481569 
209.786194717491 158.189278143502
146.866142617799 158.758760607434
211.257353943143 160.515086247848
145.789493735484 160.412751947175
210.7039084935 161.314442035248  
144.018121885137 158.013138445896
209.184646822713 159.489378755913
144.697417057793 159.017410089033
211.206970676738 162.165323819192
148.719535763949 161.35365371338 
211.855007727908 159.194104086244
148.401458647866 158.984750173956
209.234538291719 159.812825346538
144.793481257295 157.167520230687
210.892051788848 161.213619702549
143.48968409054 156.665903109464 
212.16477572335 158.416741089028 
148.933933091999 158.178220154785
212.831836999702 158.751904243629
147.007341151457 160.299026175176
209.555088831751 156.703620594842
144.973377355264 158.964887862595
213.115253106437 160.480977878486
144.865203056983 156.826534429028
212.605858353474 161.145616204818
146.603423111439 160.492621560576
211.650194988194 158.582627555544
148.562222867774 159.209521673628
211.769731685181 158.028222230752
149.554144953916 161.463333684943
210.678674483939 159.67756618505 
148.517073340516 159.395183725967
212.544684306301 158.91208017726 
145.033466228699 160.721722816187
147.247528317503 160.791817826791
146.592115208538 160.092561792336
147.246728692627 156.010877645931
151.059698507195 160.595156881407
140.970708655837 160.821333854191
210.091392133769 158.759488962935
144.153616008727 171.093681837906
215.887449856596 164.403551157555
145.916668059225 167.18421553567 
207.111684272848 159.259732618744
151.004856841837 157.826747000489
219.456943526021 160.065475131355
152.027203887441 156.657886247806
203.432151545081 160.060431283438
137.938294035838 164.591622705927
203.884844321551 155.431629977897
142.325931843588 161.291415945952
208.592090067264 171.676301533417
142.866322457463 162.512908909365
206.937970416702 166.082637395154
139.05473729442 153.716445174697 
215.293059816388 162.28663408799 
151.041232105129 158.0022470077  
204.955461835091 155.400318472563
139.625417665918 166.59094207113 
150.662735686003 164.578588369877
143.144272551157 158.825782410959
142.132877194794 161.914227185288
144.863174265712 152.002057997531
139.916553423281 170.351152995036
146.796052068666 157.298216678622
143.796860547562 167.624370276069
148.405020653258 163.659886405916
216.078284853793 165.968227781255
217.676768047185 162.884123603627
214.372896648692 154.842215646526
220.885826448625 162.164404097303
220.166767982857 168.009280742766
218.507266039811 165.105244049444
213.374230720762 167.868470290477
221.078972391265 165.018760725768
211.47983009889 172.579229720936 
152.002890927131 162.938027852886
211.449407669509 160.671496844652
151.705109182253 158.268648294591
206.219708434378 170.157381393168
145.661841288196 151.931588732558
218.411029611412 159.182870043928
139.410666823726 165.799601220954
215.331485495947 163.938343428627
141.707581164068 166.807573247758
218.879524563484 158.400319668009
134.064827684801 161.167236230239
199.840377045383 164.822674635845
172.146324088386 207.208786938294
189.603257649316 199.69840034628 
186.601677724286 203.50526587268 
189.249704118719 200.36751582122 
171.39722863444 204.309630536218 
193.236009620257 197.877048035843
183.488307000713 202.367320020548
182.225308109837 204.385269864807
182.263564370284 203.594884766877
168.676365999647 202.082622470033
190.262151802986 201.200145346911
164.132770923839 199.468191675016
166.821404709457 201.771647926599
174.186918870199 207.635544717219
181.273190546741 203.175826023442
188.234455077175 199.362122304369
164.514437074616 200.000032867236
164.487869777954 204.086515729471
158.507177832349 192.871231959857
182.7688215881 202.440050770082  
188.381651872731 203.863495938063
181.059956606462 202.464080091002
184.528822745398 206.854486131934
170.992380484614 206.630515283461
182.30846447036 203.641085510442 
165.115855357122 163.610159707313
112.244925238162 179.143116737701
183.231233531674 146.372966318683
185.695416227212 210.950004493196
209.016269467822 142.305581891156
179.856178038953 226.471420161177
210.873449707313 218.941517322947
171.500420729378 182.404479643733
211.398623938756 144.214920394041
179.662269869085 146.82663484261 
181.385438249023 168.863085706612
154.696411849945 142.696246638977
142.586882591192 172.980566997525
211.82346408682 161.815815945752 
165.578337083179 145.693428376599
129.737707621976 166.761639952284
166.897011791444 166.815022781086
197.197864911694 209.13029854803 
230.587286426629 156.211218246855
150.332299329055 172.563615956828
180.312346353752 211.884310942136
223.098949390656 171.40134797457 
224.790268245004 189.050194611265
165.472148803418 212.814690815944
116.514291923422 187.159203895639
169.832768809741 244.230180933261
179.515958959906 253.676942540886
177.184928122956 238.005359211625
164.118878614832 238.971119438688
171.261624205327 239.084053723666
161.405526230817 245.834291839016
187.227882509456 249.58213477692 
180.107747212134 252.335433041736
169.351522513018 241.887241291795
172.796708126332 252.700001361098
163.923659482855 247.137477358999
172.041251730624 253.298402130885
173.213432572885 247.780854627107
182.435867498363 240.563247154608
185.830752856711 248.300934331922
167.315292845041 237.686626548447
178.7953622416 238.521271381999  
178.51577831603 238.137596685562 
185.399196178182 237.497770359118
177.301637002427 240.056733113918
188.484529732999 247.962436011732
174.518288567041 239.349868852646
184.257846211075 242.036604961474
179.667147828273 250.271019967461
159.390020371062 243.385914334343
134.829634132093 283.470773893134
145.16577303012 247.980495395904 
128.915314227132 293.630903011499
119.983838726673 276.395842152798
161.073499106135 271.079041284462
148.52209758229 285.760598488259 
133.308810534179 293.332023663757
138.036225748212 289.904101979369
128.79362924704 278.365310320744 
151.59223173533 286.926897571687 
150.386183168982 281.494016609375
116.485899799181 299.48485766472 
144.17924963564 303.240560592066 
143.650258025946 262.465365395135
131.153805100499 260.328471000581
115.472431666044 286.698113500413
126.485238722807 274.555656214048
143.318772458972 252.139359589073
129.58935298597 267.619434132858 
125.954871643068 309.370435794214
132.171447480895 282.619573650973
150.008591462099 277.053950798526
159.566118676453 262.995016199282
145.017713121931 289.352567039128
162.469749069342 259.554825139903
259.854242837216 266.528167191235
233.171477912522 89.6330773114483
286.569116243837 285.278557544245
86.7020496831537 176.869825252657
275.193333929689 237.040887266661
247.71166419599 110.873285220759 
111.804675951891 230.670185381592
82.7031191242714 250.838830245585
215.914524390074 235.757289476107
100.981429739416 126.570442386731
249.803194610289 222.032710868093
241.54937058833 237.906145963383 
102.674743779553 210.269977878412
282.102174258878 252.878102820812
226.272531974933 230.526159527899
269.295511685109 254.201917974695
247.473505082303 251.293603268079
58.4506250681864 295.242192912998
74.7651183797402 255.316943256247
237.64388521328 249.719222112946 
256.367927122126 179.585835778223
75.6740048347131 277.455734332728
268.269352201612 196.105104376429
244.945487639313 228.289633638047
263.242683323191 200.396525900144
212.239881330165 295.40773625132 
197.418959284969 250.426576593842
210.898007398908 293.080109429319
216.187362184079 279.344157346934
211.659641299543 262.958985919105
237.791649798651 304.368468138287
234.5212059691 289.619149677443  
207.016404731553 264.447215748026
208.476891816918 302.580565109452
195.965685173118 258.998503784212
226.464703627138 265.816572405874
213.354160083952 308.591776780464
209.6093326555 296.862280982514  
204.487582067796 288.920404862078
212.507243194805 251.467021739063
199.156195574252 253.527707727773
209.100941405211 303.030579804171
205.633316436059 284.808312804894
201.636179009233 248.978245037007
203.384318778027 289.470901975659
230.241589509324 294.71784852667 
224.518410680369 300.643947610131
212.49894297306 304.781947076633 
190.784232981243 278.275205311544
201.679327156371 269.070046042591
149.072689365693 355.08531698095 
95.264797460375 370.664589267106 
223.610308130649 333.632070276417
191.004307148774 299.832705724107
259.235477927319 287.921855648937
169.978709527372 347.97540306774 
212.144335120154 329.329232944599
163.024888369263 356.498842599965
228.878345664624 351.066461739186
187.105951283127 296.827086895055
120.81334801188 398.280495622264 
132.100570281243 354.882216962267
231.23291245124 338.757565500715 
208.605321557021 318.481535382896
91.312271653906 366.867049064725 
194.607413587645 369.793301259638
192.644938564258 405.514490020514
231.389051270142 349.506602164159
189.72463937812 292.254492678244 
266.792425326956 306.926848447705
95.0536248743084 374.334089353535
229.646375535834 370.625634046375
150.506108147874 408.754070480813
220.185886036298 398.644967118393
185.46923550327 359.739140918262 
87.5749899198539 393.995377987094
176.633095065171 444.501598130753
307.551620164249 393.925139576713
175.779171771481 458.067469669376
296.963193177428 412.598636797948
62.156149961024 388.581827439982 
294.76448034566 390.356506184778 
302.199707955385 359.627800348169
135.09193686281 435.283140171015 
295.453021039095 351.895762169766
276.944502403881 390.815970681864
70.1130493234485 350.907468086969
301.752998988316 370.108306179433
209.298709602655 449.081170076412
259.093901377542 414.680671332468
293.43576586756 382.899734114449 
82.8312910916255 406.551567630278
71.5090862251004 389.241807287604
205.663509018878 452.968393280085
155.542024617222 430.406568011873
74.1512009038275 386.766804473177
175.904053267463 434.537960159422
255.945729304038 401.839182147078
212.214709739669 434.27956220253 
176.444735503582 467.492610305319
97.9991964850762 447.92556813306 
140.504891635414 303.170982552478
242.598379007066 121.571164275091
289.740173927062 404.17896050293 
104.910763008406 98.7290937100507
59.0318988151388 421.354508810039
298.024300781594 399.699989507396
306.501615405402 389.552122868515
145.354006167765 446.97473908711 
223.533587650556 285.391883440006
81.3957171272641 366.022732166525
205.243580746704 289.920448315255
185.165665499178 329.737842102912
195.198837172659 296.713860680784
74.8377717248125 301.661397389243
210.258601956179 285.269701206076
246.951627696612 449.042997834543
300.241722611797 316.172494904337
108.859644090613 433.694637409417
152.147132937297 68.6928773069136
274.920121065242 159.592985733333
204.681561411626 143.457253256692
195.416805315753 107.694205941933
265.465612354131 136.144349591555
243.971553826083 359.196641198514